{
 "cells": [
  {
   "cell_type": "markdown",
   "metadata": {},
   "source": [
    "## Data set\n",
    "Titanic"
   ]
  },
  {
   "cell_type": "code",
   "execution_count": 1,
   "metadata": {
    "collapsed": false
   },
   "outputs": [
    {
     "name": "stderr",
     "output_type": "stream",
     "text": [
      "/Users/tomaszzukowski/anaconda/lib/python2.7/site-packages/matplotlib/font_manager.py:273: UserWarning: Matplotlib is building the font cache using fc-list. This may take a moment.\n",
      "  warnings.warn('Matplotlib is building the font cache using fc-list. This may take a moment.')\n"
     ]
    }
   ],
   "source": [
    "import pandas as pd\n",
    "import numpy as np\n",
    "from scipy.stats import pearsonr, chi2_contingency\n",
    "import seaborn as sns\n",
    "import matplotlib.pyplot as plt\n",
    "%matplotlib inline"
   ]
  },
  {
   "cell_type": "code",
   "execution_count": 2,
   "metadata": {
    "collapsed": true
   },
   "outputs": [],
   "source": [
    "def plot_count(col_name,title=None,ylabel=None):\n",
    "    data.groupby(col_name).agg({'PassengerId':'count'}).plot(kind='bar');\n",
    "    if title:\n",
    "        plt.title(title)\n",
    "    if ylabel:\n",
    "        plt.ylabel(ylabel)\n",
    "        \n",
    "    \n",
    "def tab_count_surv(col_name):\n",
    "    return data.groupby(col_name).agg({'PassengerId':'count','Survived':np.mean})\n",
    "    \n",
    "def chi2_pvalue(col_name):\n",
    "    return 'P-value: ' + str(chi2_contingency(data.groupby(col_name).agg({'PassengerId':'count','Survived':np.sum})\\\n",
    "                                              .values)[1])"
   ]
  },
  {
   "cell_type": "code",
   "execution_count": 3,
   "metadata": {
    "collapsed": false
   },
   "outputs": [],
   "source": [
    "data = pd.read_csv('./data/titanic-data.csv')"
   ]
  },
  {
   "cell_type": "code",
   "execution_count": 4,
   "metadata": {
    "collapsed": false
   },
   "outputs": [
    {
     "data": {
      "text/html": [
       "<div>\n",
       "<table border=\"1\" class=\"dataframe\">\n",
       "  <thead>\n",
       "    <tr style=\"text-align: right;\">\n",
       "      <th></th>\n",
       "      <th>PassengerId</th>\n",
       "      <th>Survived</th>\n",
       "      <th>Pclass</th>\n",
       "      <th>Name</th>\n",
       "      <th>Sex</th>\n",
       "      <th>Age</th>\n",
       "      <th>SibSp</th>\n",
       "      <th>Parch</th>\n",
       "      <th>Ticket</th>\n",
       "      <th>Fare</th>\n",
       "      <th>Cabin</th>\n",
       "      <th>Embarked</th>\n",
       "    </tr>\n",
       "  </thead>\n",
       "  <tbody>\n",
       "    <tr>\n",
       "      <th>0</th>\n",
       "      <td>1</td>\n",
       "      <td>0</td>\n",
       "      <td>3</td>\n",
       "      <td>Braund, Mr. Owen Harris</td>\n",
       "      <td>male</td>\n",
       "      <td>22.0</td>\n",
       "      <td>1</td>\n",
       "      <td>0</td>\n",
       "      <td>A/5 21171</td>\n",
       "      <td>7.2500</td>\n",
       "      <td>NaN</td>\n",
       "      <td>S</td>\n",
       "    </tr>\n",
       "    <tr>\n",
       "      <th>1</th>\n",
       "      <td>2</td>\n",
       "      <td>1</td>\n",
       "      <td>1</td>\n",
       "      <td>Cumings, Mrs. John Bradley (Florence Briggs Th...</td>\n",
       "      <td>female</td>\n",
       "      <td>38.0</td>\n",
       "      <td>1</td>\n",
       "      <td>0</td>\n",
       "      <td>PC 17599</td>\n",
       "      <td>71.2833</td>\n",
       "      <td>C85</td>\n",
       "      <td>C</td>\n",
       "    </tr>\n",
       "    <tr>\n",
       "      <th>2</th>\n",
       "      <td>3</td>\n",
       "      <td>1</td>\n",
       "      <td>3</td>\n",
       "      <td>Heikkinen, Miss. Laina</td>\n",
       "      <td>female</td>\n",
       "      <td>26.0</td>\n",
       "      <td>0</td>\n",
       "      <td>0</td>\n",
       "      <td>STON/O2. 3101282</td>\n",
       "      <td>7.9250</td>\n",
       "      <td>NaN</td>\n",
       "      <td>S</td>\n",
       "    </tr>\n",
       "    <tr>\n",
       "      <th>3</th>\n",
       "      <td>4</td>\n",
       "      <td>1</td>\n",
       "      <td>1</td>\n",
       "      <td>Futrelle, Mrs. Jacques Heath (Lily May Peel)</td>\n",
       "      <td>female</td>\n",
       "      <td>35.0</td>\n",
       "      <td>1</td>\n",
       "      <td>0</td>\n",
       "      <td>113803</td>\n",
       "      <td>53.1000</td>\n",
       "      <td>C123</td>\n",
       "      <td>S</td>\n",
       "    </tr>\n",
       "    <tr>\n",
       "      <th>4</th>\n",
       "      <td>5</td>\n",
       "      <td>0</td>\n",
       "      <td>3</td>\n",
       "      <td>Allen, Mr. William Henry</td>\n",
       "      <td>male</td>\n",
       "      <td>35.0</td>\n",
       "      <td>0</td>\n",
       "      <td>0</td>\n",
       "      <td>373450</td>\n",
       "      <td>8.0500</td>\n",
       "      <td>NaN</td>\n",
       "      <td>S</td>\n",
       "    </tr>\n",
       "  </tbody>\n",
       "</table>\n",
       "</div>"
      ],
      "text/plain": [
       "   PassengerId  Survived  Pclass  \\\n",
       "0            1         0       3   \n",
       "1            2         1       1   \n",
       "2            3         1       3   \n",
       "3            4         1       1   \n",
       "4            5         0       3   \n",
       "\n",
       "                                                Name     Sex   Age  SibSp  \\\n",
       "0                            Braund, Mr. Owen Harris    male  22.0      1   \n",
       "1  Cumings, Mrs. John Bradley (Florence Briggs Th...  female  38.0      1   \n",
       "2                             Heikkinen, Miss. Laina  female  26.0      0   \n",
       "3       Futrelle, Mrs. Jacques Heath (Lily May Peel)  female  35.0      1   \n",
       "4                           Allen, Mr. William Henry    male  35.0      0   \n",
       "\n",
       "   Parch            Ticket     Fare Cabin Embarked  \n",
       "0      0         A/5 21171   7.2500   NaN        S  \n",
       "1      0          PC 17599  71.2833   C85        C  \n",
       "2      0  STON/O2. 3101282   7.9250   NaN        S  \n",
       "3      0            113803  53.1000  C123        S  \n",
       "4      0            373450   8.0500   NaN        S  "
      ]
     },
     "execution_count": 4,
     "metadata": {},
     "output_type": "execute_result"
    }
   ],
   "source": [
    "data.head()"
   ]
  },
  {
   "cell_type": "code",
   "execution_count": 5,
   "metadata": {
    "collapsed": false
   },
   "outputs": [
    {
     "data": {
      "text/plain": [
       "(891, 12)"
      ]
     },
     "execution_count": 5,
     "metadata": {},
     "output_type": "execute_result"
    }
   ],
   "source": [
    "data.shape"
   ]
  },
  {
   "cell_type": "markdown",
   "metadata": {},
   "source": [
    "There are data about 891 passengers.\n",
    "Data set contains information about survival, class, name, sex, age, number of siblings/spouses aboard, number of parents/children aboard, fare, cabin and port in which passenger embarked.\n",
    "\n",
    "## Data manipulation\n",
    "I would like to recalculate some variables to obtain\n",
    "- total number of family members aboard\n",
    "- indicator variables about having family, parents/chidren, siblings/spouse aboard\n",
    "- indicator variable of missing values in Cabin\n",
    "\n",
    "## Questions\n",
    "Main question I would like to answer is if there are any indicators allowing to predict survival. I would like also check some interactions between variables (ie. age and parch). I will also check if relations which shouldn't be present in dataset (like embarkment port and survival) are really missing.\n",
    "\n",
    "## Disclaimer\n",
    "As this is only exploratory analysis most of the results will not be statistically tested for significance"
   ]
  },
  {
   "cell_type": "code",
   "execution_count": 6,
   "metadata": {
    "collapsed": true
   },
   "outputs": [],
   "source": [
    "data['family']=data['SibSp']+data['Parch']"
   ]
  },
  {
   "cell_type": "code",
   "execution_count": 7,
   "metadata": {
    "collapsed": true
   },
   "outputs": [],
   "source": [
    "data['has_family']=data['family'].apply(lambda x: 1 if x>0 else 0)"
   ]
  },
  {
   "cell_type": "code",
   "execution_count": 8,
   "metadata": {
    "collapsed": true
   },
   "outputs": [],
   "source": [
    "data['has_Parch']=data['Parch'].apply(lambda x: 1 if x>0 else 0)"
   ]
  },
  {
   "cell_type": "code",
   "execution_count": 9,
   "metadata": {
    "collapsed": true
   },
   "outputs": [],
   "source": [
    "data['has_SibSp']=data['SibSp'].apply(lambda x: 1 if x>0 else 0)"
   ]
  },
  {
   "cell_type": "code",
   "execution_count": 10,
   "metadata": {
    "collapsed": false
   },
   "outputs": [],
   "source": [
    "data['has_cabin']=data['Cabin'].apply(lambda x: 1 if str(x)!='nan' else 0)"
   ]
  },
  {
   "cell_type": "code",
   "execution_count": 11,
   "metadata": {
    "collapsed": false
   },
   "outputs": [
    {
     "name": "stderr",
     "output_type": "stream",
     "text": [
      "/Users/tomaszzukowski/anaconda/lib/python2.7/site-packages/numpy/lib/function_base.py:3834: RuntimeWarning: Invalid value encountered in percentile\n",
      "  RuntimeWarning)\n"
     ]
    },
    {
     "data": {
      "text/html": [
       "<div>\n",
       "<table border=\"1\" class=\"dataframe\">\n",
       "  <thead>\n",
       "    <tr style=\"text-align: right;\">\n",
       "      <th></th>\n",
       "      <th>PassengerId</th>\n",
       "      <th>Survived</th>\n",
       "      <th>Pclass</th>\n",
       "      <th>Age</th>\n",
       "      <th>SibSp</th>\n",
       "      <th>Parch</th>\n",
       "      <th>Fare</th>\n",
       "      <th>family</th>\n",
       "      <th>has_family</th>\n",
       "      <th>has_Parch</th>\n",
       "      <th>has_SibSp</th>\n",
       "      <th>has_cabin</th>\n",
       "    </tr>\n",
       "  </thead>\n",
       "  <tbody>\n",
       "    <tr>\n",
       "      <th>count</th>\n",
       "      <td>891.000000</td>\n",
       "      <td>891.000000</td>\n",
       "      <td>891.000000</td>\n",
       "      <td>714.000000</td>\n",
       "      <td>891.000000</td>\n",
       "      <td>891.000000</td>\n",
       "      <td>891.000000</td>\n",
       "      <td>891.000000</td>\n",
       "      <td>891.000000</td>\n",
       "      <td>891.000000</td>\n",
       "      <td>891.000000</td>\n",
       "      <td>891.000000</td>\n",
       "    </tr>\n",
       "    <tr>\n",
       "      <th>mean</th>\n",
       "      <td>446.000000</td>\n",
       "      <td>0.383838</td>\n",
       "      <td>2.308642</td>\n",
       "      <td>29.699118</td>\n",
       "      <td>0.523008</td>\n",
       "      <td>0.381594</td>\n",
       "      <td>32.204208</td>\n",
       "      <td>0.904602</td>\n",
       "      <td>0.397306</td>\n",
       "      <td>0.239057</td>\n",
       "      <td>0.317621</td>\n",
       "      <td>0.228956</td>\n",
       "    </tr>\n",
       "    <tr>\n",
       "      <th>std</th>\n",
       "      <td>257.353842</td>\n",
       "      <td>0.486592</td>\n",
       "      <td>0.836071</td>\n",
       "      <td>14.526497</td>\n",
       "      <td>1.102743</td>\n",
       "      <td>0.806057</td>\n",
       "      <td>49.693429</td>\n",
       "      <td>1.613459</td>\n",
       "      <td>0.489615</td>\n",
       "      <td>0.426747</td>\n",
       "      <td>0.465813</td>\n",
       "      <td>0.420397</td>\n",
       "    </tr>\n",
       "    <tr>\n",
       "      <th>min</th>\n",
       "      <td>1.000000</td>\n",
       "      <td>0.000000</td>\n",
       "      <td>1.000000</td>\n",
       "      <td>0.420000</td>\n",
       "      <td>0.000000</td>\n",
       "      <td>0.000000</td>\n",
       "      <td>0.000000</td>\n",
       "      <td>0.000000</td>\n",
       "      <td>0.000000</td>\n",
       "      <td>0.000000</td>\n",
       "      <td>0.000000</td>\n",
       "      <td>0.000000</td>\n",
       "    </tr>\n",
       "    <tr>\n",
       "      <th>25%</th>\n",
       "      <td>223.500000</td>\n",
       "      <td>0.000000</td>\n",
       "      <td>2.000000</td>\n",
       "      <td>NaN</td>\n",
       "      <td>0.000000</td>\n",
       "      <td>0.000000</td>\n",
       "      <td>7.910400</td>\n",
       "      <td>0.000000</td>\n",
       "      <td>0.000000</td>\n",
       "      <td>0.000000</td>\n",
       "      <td>0.000000</td>\n",
       "      <td>0.000000</td>\n",
       "    </tr>\n",
       "    <tr>\n",
       "      <th>50%</th>\n",
       "      <td>446.000000</td>\n",
       "      <td>0.000000</td>\n",
       "      <td>3.000000</td>\n",
       "      <td>NaN</td>\n",
       "      <td>0.000000</td>\n",
       "      <td>0.000000</td>\n",
       "      <td>14.454200</td>\n",
       "      <td>0.000000</td>\n",
       "      <td>0.000000</td>\n",
       "      <td>0.000000</td>\n",
       "      <td>0.000000</td>\n",
       "      <td>0.000000</td>\n",
       "    </tr>\n",
       "    <tr>\n",
       "      <th>75%</th>\n",
       "      <td>668.500000</td>\n",
       "      <td>1.000000</td>\n",
       "      <td>3.000000</td>\n",
       "      <td>NaN</td>\n",
       "      <td>1.000000</td>\n",
       "      <td>0.000000</td>\n",
       "      <td>31.000000</td>\n",
       "      <td>1.000000</td>\n",
       "      <td>1.000000</td>\n",
       "      <td>0.000000</td>\n",
       "      <td>1.000000</td>\n",
       "      <td>0.000000</td>\n",
       "    </tr>\n",
       "    <tr>\n",
       "      <th>max</th>\n",
       "      <td>891.000000</td>\n",
       "      <td>1.000000</td>\n",
       "      <td>3.000000</td>\n",
       "      <td>80.000000</td>\n",
       "      <td>8.000000</td>\n",
       "      <td>6.000000</td>\n",
       "      <td>512.329200</td>\n",
       "      <td>10.000000</td>\n",
       "      <td>1.000000</td>\n",
       "      <td>1.000000</td>\n",
       "      <td>1.000000</td>\n",
       "      <td>1.000000</td>\n",
       "    </tr>\n",
       "  </tbody>\n",
       "</table>\n",
       "</div>"
      ],
      "text/plain": [
       "       PassengerId    Survived      Pclass         Age       SibSp  \\\n",
       "count   891.000000  891.000000  891.000000  714.000000  891.000000   \n",
       "mean    446.000000    0.383838    2.308642   29.699118    0.523008   \n",
       "std     257.353842    0.486592    0.836071   14.526497    1.102743   \n",
       "min       1.000000    0.000000    1.000000    0.420000    0.000000   \n",
       "25%     223.500000    0.000000    2.000000         NaN    0.000000   \n",
       "50%     446.000000    0.000000    3.000000         NaN    0.000000   \n",
       "75%     668.500000    1.000000    3.000000         NaN    1.000000   \n",
       "max     891.000000    1.000000    3.000000   80.000000    8.000000   \n",
       "\n",
       "            Parch        Fare      family  has_family   has_Parch   has_SibSp  \\\n",
       "count  891.000000  891.000000  891.000000  891.000000  891.000000  891.000000   \n",
       "mean     0.381594   32.204208    0.904602    0.397306    0.239057    0.317621   \n",
       "std      0.806057   49.693429    1.613459    0.489615    0.426747    0.465813   \n",
       "min      0.000000    0.000000    0.000000    0.000000    0.000000    0.000000   \n",
       "25%      0.000000    7.910400    0.000000    0.000000    0.000000    0.000000   \n",
       "50%      0.000000   14.454200    0.000000    0.000000    0.000000    0.000000   \n",
       "75%      0.000000   31.000000    1.000000    1.000000    0.000000    1.000000   \n",
       "max      6.000000  512.329200   10.000000    1.000000    1.000000    1.000000   \n",
       "\n",
       "        has_cabin  \n",
       "count  891.000000  \n",
       "mean     0.228956  \n",
       "std      0.420397  \n",
       "min      0.000000  \n",
       "25%      0.000000  \n",
       "50%      0.000000  \n",
       "75%      0.000000  \n",
       "max      1.000000  "
      ]
     },
     "execution_count": 11,
     "metadata": {},
     "output_type": "execute_result"
    }
   ],
   "source": [
    "data.describe()"
   ]
  },
  {
   "cell_type": "markdown",
   "metadata": {},
   "source": [
    "On average 38% passengers survived. Considered passengers age is on average 29.7.\n",
    "About 40% has family on board. For almost 80% we do not have data about having cabin. Avarage fare is 32, but median is only 14.5 what suggest skewed distribution. Data values seems to be OK. I assume that passengers with fare equal to zero are crew."
   ]
  },
  {
   "cell_type": "code",
   "execution_count": 12,
   "metadata": {
    "collapsed": false
   },
   "outputs": [
    {
     "data": {
      "text/html": [
       "<div>\n",
       "<table border=\"1\" class=\"dataframe\">\n",
       "  <thead>\n",
       "    <tr style=\"text-align: right;\">\n",
       "      <th></th>\n",
       "      <th>PassengerId</th>\n",
       "      <th>Survived</th>\n",
       "      <th>Pclass</th>\n",
       "      <th>Age</th>\n",
       "      <th>SibSp</th>\n",
       "      <th>Parch</th>\n",
       "      <th>Fare</th>\n",
       "      <th>family</th>\n",
       "      <th>has_family</th>\n",
       "      <th>has_Parch</th>\n",
       "      <th>has_SibSp</th>\n",
       "      <th>has_cabin</th>\n",
       "    </tr>\n",
       "  </thead>\n",
       "  <tbody>\n",
       "    <tr>\n",
       "      <th>PassengerId</th>\n",
       "      <td>1.000000</td>\n",
       "      <td>-0.005007</td>\n",
       "      <td>-0.035144</td>\n",
       "      <td>0.036847</td>\n",
       "      <td>-0.057527</td>\n",
       "      <td>-0.001652</td>\n",
       "      <td>0.012658</td>\n",
       "      <td>-0.040143</td>\n",
       "      <td>-0.057462</td>\n",
       "      <td>0.005167</td>\n",
       "      <td>-0.053397</td>\n",
       "      <td>0.019919</td>\n",
       "    </tr>\n",
       "    <tr>\n",
       "      <th>Survived</th>\n",
       "      <td>-0.005007</td>\n",
       "      <td>1.000000</td>\n",
       "      <td>-0.338481</td>\n",
       "      <td>-0.077221</td>\n",
       "      <td>-0.035322</td>\n",
       "      <td>0.081629</td>\n",
       "      <td>0.257307</td>\n",
       "      <td>0.016639</td>\n",
       "      <td>0.203367</td>\n",
       "      <td>0.147408</td>\n",
       "      <td>0.115867</td>\n",
       "      <td>0.316912</td>\n",
       "    </tr>\n",
       "    <tr>\n",
       "      <th>Pclass</th>\n",
       "      <td>-0.035144</td>\n",
       "      <td>-0.338481</td>\n",
       "      <td>1.000000</td>\n",
       "      <td>-0.369226</td>\n",
       "      <td>0.083081</td>\n",
       "      <td>0.018443</td>\n",
       "      <td>-0.549500</td>\n",
       "      <td>0.065997</td>\n",
       "      <td>-0.135207</td>\n",
       "      <td>-0.027526</td>\n",
       "      <td>-0.076009</td>\n",
       "      <td>-0.725541</td>\n",
       "    </tr>\n",
       "    <tr>\n",
       "      <th>Age</th>\n",
       "      <td>0.036847</td>\n",
       "      <td>-0.077221</td>\n",
       "      <td>-0.369226</td>\n",
       "      <td>1.000000</td>\n",
       "      <td>-0.308247</td>\n",
       "      <td>-0.189119</td>\n",
       "      <td>0.096067</td>\n",
       "      <td>-0.301914</td>\n",
       "      <td>-0.198270</td>\n",
       "      <td>-0.280626</td>\n",
       "      <td>-0.162893</td>\n",
       "      <td>0.249732</td>\n",
       "    </tr>\n",
       "    <tr>\n",
       "      <th>SibSp</th>\n",
       "      <td>-0.057527</td>\n",
       "      <td>-0.035322</td>\n",
       "      <td>0.083081</td>\n",
       "      <td>-0.308247</td>\n",
       "      <td>1.000000</td>\n",
       "      <td>0.414838</td>\n",
       "      <td>0.159651</td>\n",
       "      <td>0.890712</td>\n",
       "      <td>0.584471</td>\n",
       "      <td>0.462241</td>\n",
       "      <td>0.695562</td>\n",
       "      <td>-0.040460</td>\n",
       "    </tr>\n",
       "    <tr>\n",
       "      <th>Parch</th>\n",
       "      <td>-0.001652</td>\n",
       "      <td>0.081629</td>\n",
       "      <td>0.018443</td>\n",
       "      <td>-0.189119</td>\n",
       "      <td>0.414838</td>\n",
       "      <td>1.000000</td>\n",
       "      <td>0.216225</td>\n",
       "      <td>0.783111</td>\n",
       "      <td>0.583398</td>\n",
       "      <td>0.845092</td>\n",
       "      <td>0.356133</td>\n",
       "      <td>0.036987</td>\n",
       "    </tr>\n",
       "    <tr>\n",
       "      <th>Fare</th>\n",
       "      <td>0.012658</td>\n",
       "      <td>0.257307</td>\n",
       "      <td>-0.549500</td>\n",
       "      <td>0.096067</td>\n",
       "      <td>0.159651</td>\n",
       "      <td>0.216225</td>\n",
       "      <td>1.000000</td>\n",
       "      <td>0.217138</td>\n",
       "      <td>0.271832</td>\n",
       "      <td>0.237717</td>\n",
       "      <td>0.192190</td>\n",
       "      <td>0.482075</td>\n",
       "    </tr>\n",
       "    <tr>\n",
       "      <th>family</th>\n",
       "      <td>-0.040143</td>\n",
       "      <td>0.016639</td>\n",
       "      <td>0.065997</td>\n",
       "      <td>-0.301914</td>\n",
       "      <td>0.890712</td>\n",
       "      <td>0.783111</td>\n",
       "      <td>0.217138</td>\n",
       "      <td>1.000000</td>\n",
       "      <td>0.690922</td>\n",
       "      <td>0.738120</td>\n",
       "      <td>0.653311</td>\n",
       "      <td>-0.009175</td>\n",
       "    </tr>\n",
       "    <tr>\n",
       "      <th>has_family</th>\n",
       "      <td>-0.057462</td>\n",
       "      <td>0.203367</td>\n",
       "      <td>-0.135207</td>\n",
       "      <td>-0.198270</td>\n",
       "      <td>0.584471</td>\n",
       "      <td>0.583398</td>\n",
       "      <td>0.271832</td>\n",
       "      <td>0.690922</td>\n",
       "      <td>1.000000</td>\n",
       "      <td>0.690336</td>\n",
       "      <td>0.840286</td>\n",
       "      <td>0.158029</td>\n",
       "    </tr>\n",
       "    <tr>\n",
       "      <th>has_Parch</th>\n",
       "      <td>0.005167</td>\n",
       "      <td>0.147408</td>\n",
       "      <td>-0.027526</td>\n",
       "      <td>-0.280626</td>\n",
       "      <td>0.462241</td>\n",
       "      <td>0.845092</td>\n",
       "      <td>0.237717</td>\n",
       "      <td>0.738120</td>\n",
       "      <td>0.690336</td>\n",
       "      <td>1.000000</td>\n",
       "      <td>0.420233</td>\n",
       "      <td>0.089136</td>\n",
       "    </tr>\n",
       "    <tr>\n",
       "      <th>has_SibSp</th>\n",
       "      <td>-0.053397</td>\n",
       "      <td>0.115867</td>\n",
       "      <td>-0.076009</td>\n",
       "      <td>-0.162893</td>\n",
       "      <td>0.695562</td>\n",
       "      <td>0.356133</td>\n",
       "      <td>0.192190</td>\n",
       "      <td>0.653311</td>\n",
       "      <td>0.840286</td>\n",
       "      <td>0.420233</td>\n",
       "      <td>1.000000</td>\n",
       "      <td>0.075769</td>\n",
       "    </tr>\n",
       "    <tr>\n",
       "      <th>has_cabin</th>\n",
       "      <td>0.019919</td>\n",
       "      <td>0.316912</td>\n",
       "      <td>-0.725541</td>\n",
       "      <td>0.249732</td>\n",
       "      <td>-0.040460</td>\n",
       "      <td>0.036987</td>\n",
       "      <td>0.482075</td>\n",
       "      <td>-0.009175</td>\n",
       "      <td>0.158029</td>\n",
       "      <td>0.089136</td>\n",
       "      <td>0.075769</td>\n",
       "      <td>1.000000</td>\n",
       "    </tr>\n",
       "  </tbody>\n",
       "</table>\n",
       "</div>"
      ],
      "text/plain": [
       "             PassengerId  Survived    Pclass       Age     SibSp     Parch  \\\n",
       "PassengerId     1.000000 -0.005007 -0.035144  0.036847 -0.057527 -0.001652   \n",
       "Survived       -0.005007  1.000000 -0.338481 -0.077221 -0.035322  0.081629   \n",
       "Pclass         -0.035144 -0.338481  1.000000 -0.369226  0.083081  0.018443   \n",
       "Age             0.036847 -0.077221 -0.369226  1.000000 -0.308247 -0.189119   \n",
       "SibSp          -0.057527 -0.035322  0.083081 -0.308247  1.000000  0.414838   \n",
       "Parch          -0.001652  0.081629  0.018443 -0.189119  0.414838  1.000000   \n",
       "Fare            0.012658  0.257307 -0.549500  0.096067  0.159651  0.216225   \n",
       "family         -0.040143  0.016639  0.065997 -0.301914  0.890712  0.783111   \n",
       "has_family     -0.057462  0.203367 -0.135207 -0.198270  0.584471  0.583398   \n",
       "has_Parch       0.005167  0.147408 -0.027526 -0.280626  0.462241  0.845092   \n",
       "has_SibSp      -0.053397  0.115867 -0.076009 -0.162893  0.695562  0.356133   \n",
       "has_cabin       0.019919  0.316912 -0.725541  0.249732 -0.040460  0.036987   \n",
       "\n",
       "                 Fare    family  has_family  has_Parch  has_SibSp  has_cabin  \n",
       "PassengerId  0.012658 -0.040143   -0.057462   0.005167  -0.053397   0.019919  \n",
       "Survived     0.257307  0.016639    0.203367   0.147408   0.115867   0.316912  \n",
       "Pclass      -0.549500  0.065997   -0.135207  -0.027526  -0.076009  -0.725541  \n",
       "Age          0.096067 -0.301914   -0.198270  -0.280626  -0.162893   0.249732  \n",
       "SibSp        0.159651  0.890712    0.584471   0.462241   0.695562  -0.040460  \n",
       "Parch        0.216225  0.783111    0.583398   0.845092   0.356133   0.036987  \n",
       "Fare         1.000000  0.217138    0.271832   0.237717   0.192190   0.482075  \n",
       "family       0.217138  1.000000    0.690922   0.738120   0.653311  -0.009175  \n",
       "has_family   0.271832  0.690922    1.000000   0.690336   0.840286   0.158029  \n",
       "has_Parch    0.237717  0.738120    0.690336   1.000000   0.420233   0.089136  \n",
       "has_SibSp    0.192190  0.653311    0.840286   0.420233   1.000000   0.075769  \n",
       "has_cabin    0.482075 -0.009175    0.158029   0.089136   0.075769   1.000000  "
      ]
     },
     "execution_count": 12,
     "metadata": {},
     "output_type": "execute_result"
    }
   ],
   "source": [
    "data.corr()"
   ]
  },
  {
   "cell_type": "code",
   "execution_count": 13,
   "metadata": {
    "collapsed": false
   },
   "outputs": [
    {
     "data": {
